TagId;StructId;MilkingAllowed;CreationTime;MinMilkInterval;ForcedCleaning;MilkAction;MilkDestination;SCCSampling;TakeOffMethod;PulsMethodMilking;MilkMethod;MilkSampling;Calved;AltConnMethod;VacuumLevel;MaxConnectTime;MaxConnections;CleaningOrder;CleaningTimeLR;CleaningTimeRR;CleaningTimeRF;CleaningTimeLF;CleaningIterLR;CleaningIterRR;CleaningIterRF;CleaningIterLF;PulsFreqLR;PulsFreqRR;PulsFreqRF;PulsFreqLF;PulsRatioLR;PulsRatioRR;PulsRatioRF;PulsRatioLF;DisIterLR;DisIterRR;DisIterRF;DisIterLF;DisTimeLR;DisTimeRR;DisTimeRF;DisTimeLF;BlockTimeStart1;BlockDuration1;BlockTimeStart2;BlockDuration2;StartTimeMilkSampling;StartTimeSCCSampling;
54329653;3;15;25-02-2022 15:45:00;216;3;1;0;0;24;1;4;97;0;0;440;300;10;0;2;2;2;2;2;2;2;2;60;60;60;60;65;65;65;65;1;1;1;1;10;10;10;10;0;0;0;0;0;0;
5446737;3;15;23-05-2022 17:54:16;216;3;1;0;0;24;1;4;97;0;0;440;300;10;0;2;2;2;2;2;2;2;2;60;60;60;60;65;65;65;65;1;1;1;1;10;10;10;10;0;0;0;0;0;0;
5446721;3;15;23-05-2022 21:30:51;600;3;1;0;0;24;1;4;97;0;0;440;300;10;0;2;2;2;2;2;2;2;2;60;60;60;60;65;65;65;65;1;1;1;1;10;10;10;10;0;0;0;0;0;0;
5446711;3;15;23-05-2022 19:57:57;216;3;1;0;0;24;1;4;97;0;0;440;300;10;0;2;2;2;2;2;2;2;2;60;60;60;60;65;65;65;65;1;1;1;1;10;10;10;10;0;0;0;0;0;0;
5446710;3;15;23-05-2022 20:47:31;216;3;2;0;0;24;1;4;97;0;0;440;300;10;0;2;2;2;2;2;2;2;2;60;60;60;60;65;65;65;65;1;1;1;1;10;10;10;10;0;0;0;0;0;0;
5446700;3;15;23-05-2022 19:07:51;216;3;1;0;0;24;1;4;97;0;0;440;300;10;0;2;2;2;2;2;2;2;2;60;60;60;60;65;65;65;65;1;1;1;1;10;10;10;10;0;0;0;0;0;0;
5446678;3;15;23-05-2022 21:35:43;216;3;1;0;0;24;1;4;97;0;0;440;300;10;0;2;2;2;2;2;2;2;2;60;60;60;60;65;65;65;65;1;1;1;1;10;10;10;10;0;0;0;0;0;0;
5446676;3;15;23-05-2022 21:53:18;216;3;1;0;0;24;1;4;97;0;0;440;300;10;0;2;2;2;2;2;2;2;2;60;60;60;60;65;65;65;65;1;1;1;1;10;10;10;10;0;0;0;0;0;0;
5446646;3;15;23-05-2022 13:24:53;600;3;1;0;0;24;1;4;97;0;0;440;300;10;0;2;2;2;2;2;2;2;2;60;60;60;60;65;65;65;65;1;1;1;1;10;10;10;10;0;0;0;0;0;0;
5446634;3;15;23-05-2022 14:08:41;600;3;1;0;0;24;1;4;97;0;0;440;300;10;0;2;2;2;2;2;2;2;2;60;60;60;60;65;65;65;65;1;1;1;1;10;10;10;10;0;0;0;0;0;0;
5446591;3;13;23-05-2022 20:53:02;216;3;1;0;0;24;1;4;97;0;0;440;300;10;0;2;2;2;2;2;2;2;2;60;60;60;60;65;65;65;65;1;1;1;1;10;10;10;10;0;0;0;0;0;0;
5446476;3;15;23-05-2022 18:27:58;600;3;1;0;0;24;1;4;97;0;0;440;300;10;0;2;2;2;2;2;2;2;2;60;60;60;60;65;65;65;65;1;1;1;1;10;10;10;10;0;0;0;0;0;0;
5446448;3;15;15-02-2022 12:20:04;600;3;16;0;0;24;1;4;97;0;0;440;300;10;0;2;2;2;2;2;2;2;2;60;60;60;60;65;65;65;65;1;1;1;1;10;10;10;10;0;0;0;0;0;0;
5446394;3;14;23-05-2022 18:53:10;600;3;1;0;0;24;1;4;97;0;0;440;300;10;0;2;2;2;2;2;2;2;2;60;60;60;60;65;65;65;65;1;1;1;1;10;10;10;10;0;0;0;0;0;0;
5440260;3;15;23-05-2022 10:08:57;360;3;1;0;0;24;1;4;97;0;0;440;300;10;0;2;2;2;2;2;2;2;2;60;60;60;60;65;65;65;65;1;1;1;1;10;10;10;10;0;0;0;0;0;0;
5440137;3;15;23-05-2022 19:48:07;600;3;1;0;0;24;1;4;97;0;0;440;300;10;0;2;2;2;2;2;2;2;2;60;60;60;60;65;65;65;65;1;1;1;1;10;10;10;10;0;0;0;0;0;0;
5440130;3;15;29-04-2022 09:01:07;216;3;16;0;0;24;1;4;97;0;0;440;300;10;0;2;2;2;2;2;2;2;2;60;60;60;60;65;65;65;65;1;1;1;1;10;10;10;10;0;0;0;0;0;0;
5433286;3;15;23-05-2022 18:01:32;216;3;2;0;0;24;1;4;97;0;0;440;300;10;0;2;2;2;2;2;2;2;2;60;60;60;60;65;65;65;65;1;1;1;1;10;10;10;10;0;0;0;0;0;0;
5433217;3;15;23-05-2022 21:40:10;216;3;1;0;0;24;1;4;97;0;0;440;300;10;0;2;2;2;2;2;2;2;2;60;60;60;60;65;65;65;65;1;1;1;1;10;10;10;10;0;0;0;0;0;0;
5433148;3;15;21-05-2022 16:09:56;600;3;16;0;0;24;1;4;97;0;0;440;300;10;0;2;2;2;2;2;2;2;2;60;60;60;60;65;65;65;65;1;1;1;1;10;10;10;10;0;0;0;0;0;0;
5432781;3;15;06-12-2021 19:29:26;600;3;16;0;0;24;1;4;97;0;0;440;300;10;0;2;2;2;2;2;2;2;2;60;60;60;60;65;65;65;65;1;1;1;1;10;10;10;10;0;0;0;0;692134136;0;
5432702;3;15;23-05-2022 21:06:02;216;3;1;0;0;24;1;4;97;0;0;440;300;10;0;2;2;2;2;2;2;2;2;60;60;60;60;65;65;65;65;1;1;1;1;10;10;10;10;0;0;0;0;0;0;
5432649;3;15;23-05-2022 16:34:23;600;3;1;0;0;24;1;4;97;0;0;440;300;10;0;2;2;2;2;2;2;2;2;60;60;60;60;65;65;65;65;1;1;1;1;10;10;10;10;0;0;0;0;0;0;
5432620;3;15;23-05-2022 16:01:54;600;3;1;0;0;24;1;4;97;0;0;440;300;10;0;2;2;2;2;2;2;2;2;60;60;60;60;65;65;65;65;1;1;1;1;10;10;10;10;0;0;0;0;0;0;
5432616;3;15;23-05-2022 20:51:00;37;3;1;0;0;24;1;4;97;0;0;440;300;10;0;2;2;2;2;2;2;2;2;60;60;60;60;65;65;65;65;1;1;1;1;10;10;10;10;0;0;0;0;0;0;
5432423;3;15;23-05-2022 21:06:47;600;3;1;0;0;24;1;4;97;0;0;440;300;10;0;2;2;2;2;2;2;2;2;60;60;60;60;65;65;65;65;1;1;1;1;10;10;10;10;0;0;0;0;0;0;
5432159;3;15;23-05-2022 21:37:30;600;3;1;0;0;24;1;4;97;0;0;440;300;10;0;2;2;2;2;2;2;2;2;60;60;60;60;65;65;65;65;1;1;1;1;10;10;10;10;0;0;0;0;0;0;
5432125;3;15;23-05-2022 21:28:59;216;3;2;0;0;24;1;4;97;0;0;440;300;10;0;2;2;2;2;2;2;2;2;60;60;60;60;65;65;65;65;1;1;1;1;10;10;10;10;0;0;0;0;0;0;
5431416;3;15;21-05-2022 07:44:06;216;3;1;0;0;24;1;4;97;0;0;440;300;10;0;2;2;2;2;2;2;2;2;60;60;60;60;65;65;65;65;1;1;1;1;10;10;10;10;0;0;0;0;0;0;
5431414;3;15;23-05-2022 20:42:03;216;3;1;0;0;24;1;4;97;0;0;440;300;10;0;2;2;2;2;2;2;2;2;60;60;60;60;65;65;65;65;1;1;1;1;10;10;10;10;0;0;0;0;0;0;
5431117;3;15;23-05-2022 15:53:35;600;3;1;0;0;24;1;4;97;0;0;440;300;10;0;2;2;2;2;2;2;2;2;60;60;60;60;65;65;65;65;1;1;1;1;10;10;10;10;0;0;0;0;0;0;
5431116;3;15;23-05-2022 21:17:30;600;3;1;0;0;24;1;4;97;0;0;440;300;10;0;2;2;2;2;2;2;2;2;60;60;60;60;65;65;65;65;1;1;1;1;10;10;10;10;0;0;0;0;0;0;
5431112;3;15;23-05-2022 20:01:21;600;3;1;0;0;24;1;4;97;0;0;440;300;10;0;2;2;2;2;2;2;2;2;60;60;60;60;65;65;65;65;1;1;1;1;10;10;10;10;0;0;0;0;0;0;
5430424;3;15;23-05-2022 19:54:20;216;3;1;0;0;24;1;4;97;0;0;440;300;10;0;2;2;2;2;2;2;2;2;60;60;60;60;65;65;65;65;1;1;1;1;10;10;10;10;0;0;0;0;0;0;
5430063;3;15;23-05-2022 19:52:48;216;3;1;0;0;24;1;4;97;0;0;440;300;10;0;2;2;2;2;2;2;2;2;60;60;60;60;65;65;65;65;1;1;1;1;10;10;10;10;0;0;0;0;0;0;
5429936;3;15;04-04-2022 10:12:45;216;3;1;0;0;24;1;4;97;0;0;440;300;10;0;2;2;2;2;2;2;2;2;60;60;60;60;65;65;65;65;1;1;1;1;10;10;10;10;0;0;0;0;0;0;
5429932;3;15;15-02-2022 11:31:19;600;3;16;0;0;24;1;4;97;0;0;440;300;10;0;2;2;2;2;2;2;2;2;60;60;60;60;65;65;65;65;1;1;1;1;10;10;10;10;0;0;0;0;0;0;
5429610;3;15;23-05-2022 18:08:26;216;3;1;0;0;24;1;4;97;0;0;440;300;10;0;2;2;2;2;2;2;2;2;60;60;60;60;65;65;65;65;1;1;1;1;10;10;10;10;0;0;0;0;0;0;
5429241;3;15;23-05-2022 18:14:01;216;3;1;0;0;24;1;4;97;0;0;440;300;10;0;2;2;2;2;2;2;2;2;60;60;60;60;65;65;65;65;1;1;1;1;10;10;10;10;0;0;0;0;0;0;
5429197;3;15;23-05-2022 15:31:48;600;3;1;0;0;24;1;4;97;0;0;440;300;10;0;2;2;2;2;2;2;2;2;60;60;60;60;65;65;65;65;1;1;1;1;10;10;10;10;0;0;0;0;0;0;
5414451;3;15;23-05-2022 13:55:14;600;3;1;0;0;24;1;4;97;0;0;440;300;10;0;2;2;2;2;2;2;2;2;60;60;60;60;65;65;65;65;1;1;1;1;10;10;10;10;0;0;0;0;0;0;
5411214;3;15;23-05-2022 17:52:46;216;3;1;0;0;24;1;4;97;0;0;440;300;10;0;2;2;2;2;2;2;2;2;60;60;60;60;65;65;65;65;1;1;1;1;10;10;10;10;0;0;0;0;0;0;
5411170;3;15;06-12-2021 19:29:26;360;3;1;0;0;24;1;4;97;0;0;440;300;10;0;2;2;2;2;2;2;2;2;60;60;60;60;65;65;65;65;1;1;1;1;10;10;10;10;0;0;0;0;692134136;0;
5411169;3;15;15-02-2022 12:20:06;360;3;16;0;0;24;1;4;97;0;0;440;300;10;0;2;2;2;2;2;2;2;2;60;60;60;60;65;65;65;65;1;1;1;1;10;10;10;10;0;0;0;0;0;0;
5411168;3;15;23-05-2022 16:55:49;600;3;1;0;0;24;1;4;97;0;0;440;300;10;0;2;2;2;2;2;2;2;2;60;60;60;60;65;65;65;65;1;1;1;1;10;10;10;10;0;0;0;0;0;0;
5408586;3;15;23-05-2022 21:01:41;216;3;1;0;0;24;1;4;97;0;0;440;300;10;0;2;2;2;2;2;2;2;2;60;60;60;60;65;65;65;65;1;1;1;1;10;10;10;10;0;0;0;0;0;0;
5408527;3;15;06-12-2021 19:29:26;360;3;1;0;0;24;1;4;97;0;0;440;300;10;0;2;2;2;2;2;2;2;2;60;60;60;60;65;65;65;65;1;1;1;1;10;10;10;10;0;0;0;0;692134136;0;
5408517;3;15;06-12-2021 19:29:26;0;3;16;34;0;24;1;4;97;0;0;440;300;10;0;2;2;2;2;2;2;2;2;60;60;60;60;65;65;65;65;1;1;1;1;10;10;10;10;0;0;0;0;692134136;0;
5408516;3;15;06-12-2021 19:29:26;360;3;1;0;0;24;1;4;97;0;0;440;300;10;0;2;2;2;2;2;2;2;2;60;60;60;60;65;65;65;65;1;1;1;1;10;10;10;10;0;0;0;0;692134136;0;
5408468;3;15;15-02-2022 12:20:03;360;3;1;0;0;24;1;4;97;0;0;440;300;10;0;2;2;2;2;2;2;2;2;60;60;60;60;65;65;65;65;1;1;1;1;10;10;10;10;0;0;0;0;0;0;
5408462;3;15;23-05-2022 19:15:34;600;3;1;0;0;24;1;4;97;0;0;440;300;10;0;2;2;2;2;2;2;2;2;60;60;60;60;65;65;65;65;1;1;1;1;10;10;10;10;0;0;0;0;0;0;
5408452;3;15;06-05-2022 10:19:21;480;3;0;0;0;24;1;4;97;0;0;440;300;10;0;2;2;2;2;2;2;2;2;60;60;60;60;65;65;65;65;1;1;1;1;10;10;10;10;0;0;0;0;0;0;
5405417;3;15;23-05-2022 14:54:26;600;3;1;0;0;24;1;4;97;0;0;440;300;10;0;2;2;2;2;2;2;2;2;60;60;60;60;65;65;65;65;1;1;1;1;10;10;10;10;0;0;0;0;0;0;
5405402;3;15;23-05-2022 21:43:32;360;3;1;0;0;24;1;4;97;0;0;440;300;10;0;2;2;2;2;2;2;2;2;60;60;60;60;65;65;65;65;1;1;1;1;10;10;10;10;0;0;0;0;0;0;
5405398;3;15;23-05-2022 21:43:07;216;3;1;0;0;24;1;4;97;0;0;440;300;10;0;2;2;2;2;2;2;2;2;60;60;60;60;65;65;65;65;1;1;1;1;10;10;10;10;0;0;0;0;0;0;
5405360;3;15;23-05-2022 19:44:29;600;3;1;0;0;24;1;4;97;0;0;440;300;10;0;2;2;2;2;2;2;2;2;60;60;60;60;65;65;65;65;1;1;1;1;10;10;10;10;0;0;0;0;0;0;
5405298;3;15;23-05-2022 13:15:22;216;3;2;0;0;24;1;4;97;0;0;440;300;10;0;2;2;2;2;2;2;2;2;60;60;60;60;65;65;65;65;1;1;1;1;10;10;10;10;0;0;0;0;0;0;
5405272;3;15;23-05-2022 18:03:07;600;3;1;0;0;24;1;4;97;0;0;440;300;10;0;2;2;2;2;2;2;2;2;60;60;60;60;65;65;65;65;1;1;1;1;10;10;10;10;0;0;0;0;0;0;
5405241;3;15;23-05-2022 21:00:28;216;3;1;0;0;24;1;4;97;0;0;440;300;10;0;2;2;2;2;2;2;2;2;60;60;60;60;65;65;65;65;1;1;1;1;10;10;10;10;0;0;0;0;0;0;
5405183;3;15;15-02-2022 12:20:06;360;3;16;0;0;24;1;4;97;0;0;440;300;10;0;2;2;2;2;2;2;2;2;60;60;60;60;65;65;65;65;1;1;1;1;10;10;10;10;0;0;0;0;0;0;
5405077;3;14;23-05-2022 18:47:28;216;3;1;0;0;24;1;4;97;0;0;440;300;10;0;2;2;2;2;2;2;2;2;60;60;60;60;65;65;65;65;1;1;1;1;10;10;10;10;0;0;0;0;0;0;
5405073;3;15;23-05-2022 19:32:33;216;3;1;0;0;24;1;4;97;0;0;440;300;10;0;2;2;2;2;2;2;2;2;60;60;60;60;65;65;65;65;1;1;1;1;10;10;10;10;0;0;0;0;0;0;
5403508;3;15;23-05-2022 18:14:59;216;3;2;0;0;24;1;4;97;0;0;440;300;10;0;2;2;2;2;2;2;2;2;60;60;60;60;65;65;65;65;1;1;1;1;10;10;10;10;0;0;0;0;0;0;
