TagId;StructId;Free;CreationTime;MinMilkInt;MinMilkIntGrazing;CowSelectionSettings;NrOfCowSeparations;ManualDestPrio;ManualDest;ManualDestStartTime;ManualDestDuration;MilkNowPrio;MilkNowDest;MilkNowStartTime;MilkNowDuration;NearMilkPrio;NearMilkDest;NearMilkingStartTime;NearMilkDuration;MilkedPrio;MilkedDest;MilkedStartTime;MilkedDuration;FailedMilkPrio;FailedMilkDest;FailedMilkStartTime;FailedMilkDuration;NrFailedMilksPrio;NrFailedMilksDest;NrFailedMilkStartTime;NrFailedMilkDuration;GrazingAPrio;GrazingADest;GrazingAStartTime;GrazingADuration;GrazingBPrio;GrazingBDest;GrazingBStartTime;GrazingBDuration;GrazingCPrio;GrazingCDest;GrazingCStartTime;GrazingCDuration;GrazingDPrio;GrazingDDest;GrazingDStartTime;GrazingDDuration;Free_1;Free_2;
5405241;1;0;23-05-2022 20:50:50;216;151;0;0;1;2;0;1440;0;0;0;0;0;0;0;0;0;0;0;0;0;0;0;0;0;0;0;0;0;0;0;1440;0;0;0;1440;0;0;0;1440;0;0;0;1440;0;0;
5405073;1;0;23-05-2022 21:01:25;216;151;0;0;1;2;0;1440;0;0;0;0;0;0;0;0;0;0;0;0;0;0;0;0;0;0;0;0;0;0;0;1440;0;0;0;1440;0;0;0;1440;0;0;0;1440;0;0;
5411214;1;0;23-05-2022 21:06:48;216;151;0;0;1;2;0;1440;0;0;0;0;0;0;0;0;0;0;0;0;0;0;0;0;0;0;0;0;0;0;0;1440;0;0;0;1440;0;0;0;1440;0;0;0;1440;0;0;
5446676;1;0;23-05-2022 21:48:31;216;151;0;0;1;2;0;1440;0;0;0;0;0;0;0;0;0;0;0;0;0;0;0;0;0;0;0;0;0;0;0;1440;0;0;0;1440;0;0;0;1440;0;0;0;1440;0;0;
5431112;1;0;23-05-2022 21:36:29;600;420;0;0;1;2;0;1440;0;0;0;0;0;0;0;0;0;0;0;0;0;0;0;0;0;0;0;0;0;0;0;1440;0;0;0;1440;0;0;0;1440;0;0;0;1440;0;0;
5405398;1;0;23-05-2022 21:37:21;216;151;0;0;1;2;0;1440;0;0;0;0;0;0;0;0;0;0;0;0;0;0;0;0;0;0;0;0;0;0;0;1440;0;0;0;1440;0;0;0;1440;0;0;0;1440;0;0;
5405272;1;0;23-05-2022 21:35:37;600;420;0;0;1;2;0;1440;0;0;0;0;0;0;0;0;0;0;0;0;0;0;0;0;0;0;0;0;0;0;0;1440;0;0;0;1440;0;0;0;1440;0;0;0;1440;0;0;
5432649;1;0;23-05-2022 21:44:38;600;420;0;0;1;2;0;1440;0;0;0;0;0;0;0;0;0;0;0;0;0;0;0;0;0;0;0;0;0;0;0;1440;0;0;0;1440;0;0;0;1440;0;0;0;1440;0;0;
5429936;1;0;04-04-2022 10:12:46;216;151;0;0;1;2;0;1440;0;0;0;0;0;0;0;0;0;0;0;0;0;0;0;0;0;0;0;0;0;0;0;1440;0;0;0;1440;0;0;0;1440;0;0;0;1440;0;0;
5408462;1;0;23-05-2022 21:49:56;600;420;0;0;1;2;0;1440;0;0;0;0;0;0;0;0;0;0;0;0;0;0;0;0;0;0;0;0;0;0;0;1440;0;0;0;1440;0;0;0;1440;0;0;0;1440;0;0;
5432616;1;0;23-05-2022 20:44:41;37;26;0;0;1;2;0;1440;0;0;0;0;0;0;0;0;0;0;0;0;0;0;0;0;0;0;0;0;0;0;0;1440;0;0;0;1440;0;0;0;1440;0;0;0;1440;0;0;
5432423;1;0;23-05-2022 21:01:41;600;420;0;0;1;2;0;1440;0;0;0;0;0;0;0;0;0;0;0;0;0;0;0;0;0;0;0;0;0;0;0;1440;0;0;0;1440;0;0;0;1440;0;0;0;1440;0;0;
5431416;1;0;21-05-2022 11:05:20;216;151;0;0;1;2;0;1440;0;0;0;0;0;0;0;0;0;0;0;0;0;0;0;0;0;0;0;0;0;0;0;1440;0;0;0;1440;0;0;0;1440;0;0;0;1440;0;0;
5429241;1;0;23-05-2022 21:50:50;216;151;0;0;1;2;0;1440;0;0;0;0;0;0;0;0;0;0;0;0;0;0;0;0;0;0;0;0;0;0;0;1440;0;0;0;1440;0;0;0;1440;0;0;0;1440;0;0;
5440137;1;0;23-05-2022 21:49:41;600;420;0;0;1;2;0;1440;0;0;0;0;0;0;0;0;0;0;0;0;0;0;0;0;0;0;0;0;0;0;0;1440;0;0;0;1440;0;0;0;1440;0;0;0;1440;0;0;
5446448;1;0;15-02-2022 12:20:09;600;420;0;0;1;2;0;1440;0;0;0;0;0;0;0;0;0;0;0;0;0;0;0;0;0;0;0;0;0;0;0;1440;0;0;0;1440;0;0;0;1440;0;0;0;1440;0;0;
5446591;1;0;23-05-2022 20:47:29;216;151;0;0;1;2;0;1440;0;0;0;0;0;0;0;0;0;0;0;0;0;0;0;0;0;0;0;0;0;0;0;1440;0;0;0;1440;0;0;0;1440;0;0;0;1440;0;0;
5446678;1;0;23-05-2022 21:30:40;216;151;0;0;1;2;0;1440;0;0;0;0;0;0;0;0;0;0;0;0;0;0;0;0;0;0;0;0;0;0;0;1440;0;0;0;1440;0;0;0;1440;0;0;0;1440;0;0;
5408586;1;0;23-05-2022 20:54:09;216;151;0;0;1;2;0;1440;0;0;0;0;0;0;0;0;0;0;0;0;0;0;0;0;0;0;0;0;0;0;0;1440;0;0;0;1440;0;0;0;1440;0;0;0;1440;0;0;
5405298;1;0;23-05-2022 13:04:50;216;151;0;0;1;2;0;1440;0;0;0;0;0;0;0;0;0;0;0;0;0;0;0;0;0;0;0;0;0;0;0;1440;0;0;0;1440;0;0;0;1440;0;0;0;1440;0;0;
5446710;1;0;23-05-2022 20:39:28;216;151;0;0;1;2;0;1440;0;0;0;0;0;0;0;0;0;0;0;0;0;0;0;0;0;0;0;0;0;0;0;1440;0;0;0;1440;0;0;0;1440;0;0;0;1440;0;0;
5405417;1;0;23-05-2022 20:44:02;600;420;0;0;1;2;0;1440;0;0;0;0;0;0;0;0;0;0;0;0;0;0;0;0;0;0;0;0;0;0;0;1440;0;0;0;1440;0;0;0;1440;0;0;0;1440;0;0;
5431117;1;0;23-05-2022 21:00:56;600;420;0;0;1;2;0;1440;0;0;0;0;0;0;0;0;0;0;0;0;0;0;0;0;0;0;0;0;0;0;0;1440;0;0;0;1440;0;0;0;1440;0;0;0;1440;0;0;
5446394;1;0;23-05-2022 21:18:12;600;420;0;0;1;2;0;1440;0;0;0;0;0;0;0;0;0;0;0;0;0;0;0;0;0;0;0;0;0;0;0;1440;0;0;0;1440;0;0;0;1440;0;0;0;1440;0;0;
5440260;1;0;23-05-2022 21:53:37;360;252;0;0;1;2;0;1440;0;0;0;0;0;0;0;0;0;0;0;0;0;0;0;0;0;0;0;0;0;0;0;1440;0;0;0;1440;0;0;0;1440;0;0;0;1440;0;0;
5432620;1;0;23-05-2022 20:36:16;600;420;0;0;1;2;0;1440;0;0;0;0;0;0;0;0;0;0;0;0;0;0;0;0;0;0;0;0;0;0;0;1440;0;0;0;1440;0;0;0;1440;0;0;0;1440;0;0;
5433217;1;0;23-05-2022 21:36:44;216;151;0;0;1;2;0;1440;0;0;0;0;0;0;0;0;0;0;0;0;0;0;0;0;0;0;0;0;0;0;0;1440;0;0;0;1440;0;0;0;1440;0;0;0;1440;0;0;
5429197;1;0;23-05-2022 21:06:32;600;420;0;0;1;2;0;1440;0;0;0;0;0;0;0;0;0;0;0;0;0;0;0;0;0;0;0;0;0;0;0;1440;0;0;0;1440;0;0;0;1440;0;0;0;1440;0;0;
5430063;1;0;23-05-2022 21:36:01;216;151;0;0;1;2;0;1440;0;0;0;0;0;0;0;0;0;0;0;0;0;0;0;0;0;0;0;0;0;0;0;1440;0;0;0;1440;0;0;0;1440;0;0;0;1440;0;0;
5430424;1;0;23-05-2022 20:39:10;216;151;0;0;1;2;0;1440;0;0;0;0;0;0;0;0;0;0;0;0;0;0;0;0;0;0;0;0;0;0;0;1440;0;0;0;1440;0;0;0;1440;0;0;0;1440;0;0;
5432159;1;0;23-05-2022 21:32:51;600;420;0;0;1;2;0;1440;0;0;0;0;0;0;0;0;0;0;0;0;0;0;0;0;0;0;0;0;0;0;0;1440;0;0;0;1440;0;0;0;1440;0;0;0;1440;0;0;
5446721;1;0;23-05-2022 21:25:24;600;420;0;0;1;2;0;1440;0;0;0;0;0;0;0;0;0;0;0;0;0;0;0;0;0;0;0;0;0;0;0;1440;0;0;0;1440;0;0;0;1440;0;0;0;1440;0;0;
5446737;1;0;23-05-2022 20:53:38;216;151;0;0;1;2;0;1440;0;0;0;0;0;0;0;0;0;0;0;0;0;0;0;0;0;0;0;0;0;0;0;1440;0;0;0;1440;0;0;0;1440;0;0;0;1440;0;0;
5432781;1;0;06-12-2021 00:02:38;600;420;0;0;1;2;0;1440;0;0;0;0;0;0;0;0;0;0;0;0;0;0;0;0;0;0;0;0;0;0;0;1440;0;0;0;1440;0;0;0;1440;0;0;0;1440;0;0;
54329653;1;0;25-02-2022 15:45:00;216;151;0;0;1;2;0;1440;0;0;0;0;0;0;0;0;0;0;0;0;0;0;0;0;0;0;0;0;0;0;0;1440;0;0;0;1440;0;0;0;1440;0;0;0;1440;0;0;
5411168;1;0;23-05-2022 20:53:56;600;420;0;0;1;2;0;1440;0;0;0;0;0;0;0;0;0;0;0;0;0;0;0;0;0;0;0;0;0;0;0;1440;0;0;0;1440;0;0;0;1440;0;0;0;1440;0;0;
5431414;1;0;23-05-2022 20:36:46;216;151;0;0;1;2;0;1440;0;0;0;0;0;0;0;0;0;0;0;0;0;0;0;0;0;0;0;0;0;0;0;1440;0;0;0;1440;0;0;0;1440;0;0;0;1440;0;0;
5405077;1;0;23-05-2022 21:17:27;216;151;0;0;1;2;0;1440;0;0;0;0;0;0;0;0;0;0;0;0;0;0;0;0;0;0;0;0;0;0;0;1440;0;0;0;1440;0;0;0;1440;0;0;0;1440;0;0;
5429610;1;0;23-05-2022 20:44:27;216;151;0;0;1;2;0;1440;0;0;0;0;0;0;0;0;0;0;0;0;0;0;0;0;0;0;0;0;0;0;0;1440;0;0;0;1440;0;0;0;1440;0;0;0;1440;0;0;
5405402;1;0;23-05-2022 21:40:06;360;252;0;0;1;2;0;1440;0;0;0;0;0;0;0;0;0;0;0;0;0;0;0;0;0;0;0;0;0;0;0;1440;0;0;0;1440;0;0;0;1440;0;0;0;1440;0;0;
5431116;1;0;23-05-2022 21:10:10;600;420;0;0;1;2;0;1440;0;0;0;0;0;0;0;0;0;0;0;0;0;0;0;0;0;0;0;0;0;0;0;1440;0;0;0;1440;0;0;0;1440;0;0;0;1440;0;0;
5414451;1;0;23-05-2022 13:55:14;600;420;0;0;1;2;0;1440;0;0;0;0;0;0;0;0;0;0;0;0;0;0;0;0;0;0;0;0;0;0;0;1440;0;0;0;1440;0;0;0;1440;0;0;0;1440;0;0;
5432702;1;0;23-05-2022 21:01:33;216;151;0;0;1;2;0;1440;0;0;0;0;0;0;0;0;0;0;0;0;0;0;0;0;0;0;0;0;0;0;0;1440;0;0;0;1440;0;0;0;1440;0;0;0;1440;0;0;
5446711;1;0;23-05-2022 21:44:25;216;151;0;0;1;2;0;1440;0;0;0;0;0;0;0;0;0;0;0;0;0;0;0;0;0;0;0;0;0;0;0;1440;0;0;0;1440;0;0;0;1440;0;0;0;1440;0;0;
5403508;1;0;23-05-2022 21:43:12;216;151;0;0;1;2;0;1440;0;0;0;0;0;0;0;0;0;0;0;0;0;0;0;0;0;0;0;0;0;0;0;1440;0;0;0;1440;0;0;0;1440;0;0;0;1440;0;0;
5429932;1;0;15-02-2022 11:31:30;600;420;0;0;1;2;0;1440;0;0;0;0;0;0;0;0;0;0;0;0;0;0;0;0;0;0;0;0;0;0;0;1440;0;0;0;1440;0;0;0;1440;0;0;0;1440;0;0;
5433286;1;0;23-05-2022 20:38:59;216;151;0;0;1;2;0;1440;0;0;0;0;0;0;0;0;0;0;0;0;0;0;0;0;0;0;0;0;0;0;0;1440;0;0;0;1440;0;0;0;1440;0;0;0;1440;0;0;
5446700;1;0;23-05-2022 21:32:39;216;151;0;0;1;2;0;1440;0;0;0;0;0;0;0;0;0;0;0;0;0;0;0;0;0;0;0;0;0;0;0;1440;0;0;0;1440;0;0;0;1440;0;0;0;1440;0;0;
5446476;1;0;23-05-2022 21:09:48;600;420;0;0;1;2;0;1440;0;0;0;0;0;0;0;0;0;0;0;0;0;0;0;0;0;0;0;0;0;0;0;1440;0;0;0;1440;0;0;0;1440;0;0;0;1440;0;0;
5411170;1;0;11-11-2021 18:13:53;360;252;0;0;1;2;0;1440;0;0;0;0;0;0;0;0;0;0;0;0;0;0;0;0;0;0;0;0;0;0;0;1440;0;0;0;1440;0;0;0;1440;0;0;0;1440;0;0;
5433148;1;0;21-05-2022 16:09:56;600;420;0;0;1;2;0;1440;0;0;0;0;0;0;0;0;0;0;0;0;0;0;0;0;0;0;0;0;0;0;0;1440;0;0;0;1440;0;0;0;1440;0;0;0;1440;0;0;
5405183;1;0;15-02-2022 12:20:11;360;252;0;0;1;2;0;1440;0;0;0;0;0;0;0;0;0;0;0;0;0;0;0;0;0;0;0;0;0;0;0;1440;0;0;0;1440;0;0;0;1440;0;0;0;1440;0;0;
5405360;1;0;23-05-2022 21:48:40;600;420;0;0;1;2;0;1440;0;0;0;0;0;0;0;0;0;0;0;0;0;0;0;0;0;0;0;0;0;0;0;1440;0;0;0;1440;0;0;0;1440;0;0;0;1440;0;0;
5408468;1;0;15-02-2022 12:20:08;360;252;0;0;1;2;0;1440;0;0;0;0;0;0;0;0;0;0;0;0;0;0;0;0;0;0;0;0;0;0;0;1440;0;0;0;1440;0;0;0;1440;0;0;0;1440;0;0;
5432125;1;0;23-05-2022 21:24:15;216;151;0;0;1;2;0;1440;0;0;0;0;0;0;0;0;0;0;0;0;0;0;0;0;0;0;0;0;0;0;0;1440;0;0;0;1440;0;0;0;1440;0;0;0;1440;0;0;
5411169;1;0;15-02-2022 12:20:11;360;252;0;0;1;2;0;1440;0;0;0;0;0;0;0;0;0;0;0;0;0;0;0;0;0;0;0;0;0;0;0;1440;0;0;0;1440;0;0;0;1440;0;0;0;1440;0;0;
5440130;1;0;29-04-2022 09:01:07;216;151;0;0;1;2;0;1440;0;0;0;0;0;0;0;0;0;0;0;0;0;0;0;0;0;0;0;0;0;0;0;1440;0;0;0;1440;0;0;0;1440;0;0;0;1440;0;0;
5446646;1;0;23-05-2022 21:01:11;600;420;0;0;1;2;0;1440;0;0;0;0;0;0;0;0;0;0;0;0;0;0;0;0;0;0;0;0;0;0;0;1440;0;0;0;1440;0;0;0;1440;0;0;0;1440;0;0;
5446634;1;0;23-05-2022 15:03:42;600;420;0;0;1;2;0;1440;0;0;0;0;0;0;0;0;0;0;0;0;0;0;0;0;0;0;0;0;0;0;0;1440;0;0;0;1440;0;0;0;1440;0;0;0;1440;0;0;
